[1]

joint_count		54
vertex_count	3185
triangle_count	6110

joints:
Body
1.000000 0.00000 0.00000 0.00000
0.00000 0.320255 -0.947331 -0.917377
0.00000 0.947331 0.320255 2.715611
0.00000 0.00000 0.00000 1.000000
-1

Torso
1.000000 0.00000 0.00000 0.00000
0.00000 0.981068 -0.193661 0.659635
0.00000 0.193661 0.981068 -0.729970
0.00000 0.00000 0.00000 1.000000
0

Chest
1.000000 0.00000 0.00000 0.00000
0.00000 0.987992 -0.154505 1.332453
0.00000 0.154505 0.987992 0.00000
0.00000 0.00000 0.00000 1.000000
1

Neck
1.000000 0.00000 0.00000 0.00000
0.00000 0.999462 0.032803 0.716960
0.00000 -0.032803 0.999462 0.00000
0.00000 0.00000 0.00000 1.000000
2

Head
1.000000 0.00000 0.00000 0.00000
0.00000 0.999288 -0.037720 0.502380
0.00000 0.037720 0.999288 0.00000
0.00000 0.00000 0.00000 1.000000
3

Head_end
1.000000 0.00000 0.00000 0.00000
0.00000 1.000000 0.00000 0.703703
0.00000 0.00000 1.000000 0.00000
0.00000 0.00000 0.00000 1.000000
4

Shoulder.L
0.407869 0.865803 0.289875 0.367267
-0.894296 0.314826 0.317994 -0.192591
0.184060 -0.388934 0.902692 0.015381
0.00000 0.00000 0.00000 1.000000
3

UpperArm.L
0.886881 0.419764 0.192975 0.00000
-0.334455 0.871508 -0.358628 0.828895
-0.318719 0.253519 0.913316 0.00000
0.00000 0.00000 0.00000 1.000000
6

LowerArm.L
-0.239340 -0.091913 -0.966576 0.00000
0.003966 0.995408 -0.095637 1.121523
0.970928 -0.026723 -0.237877 0.00000
0.00000 0.00000 0.00000 1.000000
7

PalmP.L
0.837306 -0.484926 0.252516 0.00000
0.483803 0.872298 0.070921 0.963396
-0.254661 0.062785 0.964990 0.00000
0.00000 0.00000 0.00000 1.000000
8

Pinky1.L
0.967108 0.251103 -0.040623 0.00000
-0.246562 0.964658 0.092960 0.419155
0.062530 -0.079886 0.994841 0.00000
0.00000 0.00000 0.00000 1.000000
9

Pinky2.L
0.997885 -0.006126 0.064716 0.00000
-0.007149 0.979171 0.202914 0.296237
-0.064611 -0.202947 0.977056 0.00000
0.00000 0.00000 0.00000 1.000000
10

Pinky2.L_end
1.000000 0.00000 0.00000 0.00000
0.00000 1.000000 0.00000 0.263317
0.00000 0.00000 1.000000 0.00000
0.00000 0.00000 0.00000 1.000000
11

PalmR.L
0.959328 0.126193 0.252516 0.00000
-0.148419 0.986378 0.070921 0.963396
-0.240127 -0.105514 0.964990 0.00000
0.00000 0.00000 0.00000 1.000000
8

Ring1.L
0.996088 -0.088364 -0.000755 0.00000
0.088274 0.994604 0.054506 0.413305
-0.004065 -0.054359 0.998513 0.00000
0.00000 0.00000 0.00000 1.000000
13

Ring2.L
0.999926 0.000738 0.012135 0.00000
-0.002926 0.983423 0.181302 0.402193
-0.011800 -0.181324 0.983353 0.00000
0.00000 0.00000 0.00000 1.000000
14

Ring2.L_end
1.000000 0.00000 0.00000 0.00000
0.00000 1.000000 0.00000 0.295336
0.00000 0.00000 1.000000 0.00000
0.00000 0.00000 0.00000 1.000000
15

PalmI.L
0.752503 0.608255 0.252516 0.00000
-0.641330 0.763980 0.070920 0.963396
-0.149780 -0.215314 0.964990 0.00000
0.00000 0.00000 0.00000 1.000000
8

Index1.L
0.974459 -0.224334 -0.010166 0.00000
0.224523 0.972417 0.063199 0.405777
-0.004292 -0.063867 0.997949 0.00000
0.00000 0.00000 0.00000 1.000000
17

Index2.L
0.999549 -0.029649 -0.004785 0.00000
0.030020 0.981721 0.187942 0.362038
-0.000875 -0.188001 0.982168 0.00000
0.00000 0.00000 0.00000 1.000000
18

Index2.L_end
1.000000 0.00000 0.00000 0.00000
0.00000 1.000000 0.00000 0.266697
0.00000 0.00000 1.000000 0.00000
0.00000 0.00000 0.00000 1.000000
19

PalmT.L
0.206240 0.945357 0.252516 0.00000
-0.978337 0.194493 0.070912 0.963396
0.017925 -0.261671 0.964991 0.00000
0.00000 0.00000 0.00000 1.000000
8

Thumb1.L
0.957332 -0.288974 -0.002950 0.00000
0.287886 0.952738 0.097020 0.374751
-0.025226 -0.093730 0.995278 0.00000
0.00000 0.00000 0.00000 1.000000
21

Thumb2.L
0.968645 -0.174562 -0.176790 0.00000
0.194988 0.975112 0.105528 0.204414
0.153969 -0.136691 0.978575 0.00000
0.00000 0.00000 0.00000 1.000000
22

Thumb2.L_end
1.000000 0.00000 -0.000012 0.00000
0.00000 1.000000 0.00000 0.302117
0.000012 0.00000 1.000000 0.00000
0.00000 0.00000 0.00000 1.000000
23

Shoulder.R
0.407869 -0.865803 -0.289875 -0.367267
0.894296 0.314826 0.317994 -0.192591
-0.184060 -0.388933 0.902692 0.015382
0.00000 0.00000 0.00000 1.000000
3

UpperArm.R
0.886882 -0.419764 -0.192976 0.00000
0.334454 0.871508 -0.358628 0.828895
0.318719 0.253519 0.913316 0.00000
0.00000 0.00000 0.00000 1.000000
25

LowerArm.R
-0.239342 0.091912 0.966575 0.00000
-0.003966 0.995409 -0.095636 1.121523
-0.970927 -0.026723 -0.237878 0.00000
0.00000 0.00000 0.00000 1.000000
26

PalmP.R
0.837307 0.484926 -0.252514 0.00000
-0.483803 0.872299 0.070924 0.963395
0.254660 0.062782 0.964990 0.00000
0.00000 0.00000 0.00000 1.000000
27

Pinky1.R
0.967108 -0.251102 0.040618 0.00000
0.246563 0.964659 0.092948 0.419156
-0.062522 -0.079875 0.994842 0.00000
0.00000 0.00000 0.00000 1.000000
28

Pinky2.R
0.997886 0.006124 -0.064706 0.00000
0.007149 0.979168 0.202926 0.296236
0.064601 -0.202960 0.977054 0.00000
0.00000 0.00000 0.00000 1.000000
29

Pinky2.R_end
1.000000 0.00000 0.00000 0.00000
0.00000 1.000000 0.00000 0.263318
0.00000 0.00000 1.000000 0.00000
0.00000 0.00000 0.00000 1.000000
30

PalmR.R
0.959329 -0.126192 -0.252514 0.00000
0.148419 0.986378 0.070925 0.963395
0.240124 -0.105518 0.964990 0.00000
0.00000 0.00000 0.00000 1.000000
27

Ring1.R
0.996088 0.088366 0.000748 0.00000
-0.088275 0.994604 0.054499 0.413306
0.004072 -0.054352 0.998514 0.00000
0.00000 0.00000 0.00000 1.000000
32

Ring2.R
0.999926 -0.000740 -0.012125 0.00000
0.002927 0.983421 0.181311 0.402193
0.011790 -0.181333 0.983351 0.00000
0.00000 0.00000 0.00000 1.000000
33

Ring2.R_end
1.000000 0.00000 0.00000 0.00000
0.00000 1.000000 0.00000 0.295337
0.00000 0.00000 1.000000 0.00000
0.00000 0.00000 0.00000 1.000000
34

PalmI.R
0.752505 -0.608254 -0.252514 0.00000
0.641330 0.763980 0.070927 0.963395
0.149774 -0.215318 0.964990 0.00000
0.00000 0.00000 0.00000 1.000000
27

Index1.R
0.974459 0.224334 0.010159 0.00000
-0.224523 0.972417 0.063195 0.405778
0.004298 -0.063862 0.997949 0.00000
0.00000 0.00000 0.00000 1.000000
36

Index2.R
0.999549 0.029648 0.004786 0.00000
-0.030019 0.981721 0.187942 0.362038
0.000874 -0.188001 0.982168 0.00000
0.00000 0.00000 0.00000 1.000000
37

Index2.R_end
1.000000 0.00000 0.00000 0.00000
0.00000 1.000000 0.00000 0.266696
0.00000 0.00000 1.000000 0.00000
0.00000 0.00000 0.00000 1.000000
38

PalmT.R
0.206247 -0.945356 -0.252514 0.00000
0.978335 0.194493 0.070941 0.963395
-0.017953 -0.261675 0.964989 0.00000
0.00000 0.00000 0.00000 1.000000
27

Thumb1.R
0.957333 0.288974 0.002880 0.00000
-0.287880 0.952740 0.097016 0.374751
0.025291 -0.093706 0.995279 0.00000
0.00000 0.00000 0.00000 1.000000
40

Thumb2.R
0.968637 0.174558 0.176841 0.00000
-0.194993 0.975110 0.105542 0.204415
-0.154016 -0.136714 0.978564 0.00000
0.00000 0.00000 0.00000 1.000000
41

Thumb2.R_end
1.000000 0.00000 0.00000 0.00000
0.00000 1.000000 0.00000 0.302118
0.00000 0.00000 1.000000 0.00000
0.00000 0.00000 0.00000 1.000000
42

UpperLeg.L
1.000000 0.00000 0.00000 1.017499
0.00000 -0.975299 0.220889 0.773773
0.00000 -0.220889 -0.975299 -0.952508
0.00000 0.00000 0.00000 1.000000
0

LowerLeg.L
-1.000000 0.00000 0.00000 0.00000
0.00000 0.941962 0.335720 1.684825
0.00000 0.335720 -0.941962 0.00000
0.00000 0.00000 0.00000 1.000000
44

LowerLeg.L_end
1.000000 0.00000 0.00000 0.00000
0.00000 1.000000 0.00000 1.412617
0.00000 0.00000 1.000000 0.00000
0.00000 0.00000 0.00000 1.000000
45

UpperLeg.R
1.000000 0.00000 0.00000 -1.017499
0.00000 -0.975299 0.220889 0.773773
0.00000 -0.220889 -0.975299 -0.952508
0.00000 0.00000 0.00000 1.000000
0

LowerLeg.R
-1.000000 0.00000 0.00000 0.00000
0.00000 0.941962 0.335720 1.684825
0.00000 0.335720 -0.941962 0.00000
0.00000 0.00000 0.00000 1.000000
47

LowerLeg.R_end
1.000000 0.00000 0.00000 0.00000
0.00000 1.000000 0.00000 1.412617
0.00000 0.00000 1.000000 0.00000
0.00000 0.00000 0.00000 1.000000
48

Foot.L
-1.000000 0.00000 0.00000 1.017499
0.00000 -1.000000 0.00000 0.393624
0.00000 0.00000 1.000000 0.095306
0.00000 0.00000 0.00000 1.000000
-1

Foot.L_end
1.000000 0.00000 0.00000 0.00000
0.00000 1.000000 0.00000 0.630893
0.00000 0.00000 1.000000 0.00000
0.00000 0.00000 0.00000 1.000000
50

Foot.R
-1.000000 0.00000 0.00000 -1.017499
0.00000 -1.000000 0.00000 0.393624
0.00000 0.00000 1.000000 0.095306
0.00000 0.00000 0.00000 1.000000
-1

Foot.R_end
1.000000 0.00000 0.00000 0.00000
0.00000 1.000000 0.00000 0.630893
0.00000 0.00000 1.000000 0.00000
0.00000 0.00000 0.00000 1.000000
52


vertices:
0.449593 -0.102735 5.403971
0.724674 -0.689049 0.007687
0.511053 0.163419
1.000000 0.00000 0.00000 0.00000
4 -1 -1 -1

0.449593 0.590830 5.339796
0.688125 0.725547 -0.008094
0.534476 0.201186
1.000000 0.00000 0.00000 0.00000
4 -1 -1 -1

0.449593 0.132344 6.477414
0.678875 -0.028358 0.733706
0.511053 0.201186
1.000000 0.00000 0.00000 0.00000
4 -1 -1 -1

0.449593 -0.092847 6.290368
0.670645 -0.729445 0.134706
0.511053 0.120449
1.000000 0.00000 0.00000 0.00000
4 -1 -1 -1

0.449593 0.026729 6.459336
0.653226 -0.316555 0.687814
0.534476 0.001953
1.000000 0.00000 0.00000 0.00000
4 -1 -1 -1

0.449593 -0.055697 6.390872
0.653228 -0.618051 0.437386
0.534476 0.120449
1.000000 0.00000 0.00000 0.00000
4 -1 -1 -1

0.449593 0.600718 6.226192
0.687353 0.724048 0.057456
0.175080 0.747486
1.000000 0.00000 0.00000 0.00000
4 -1 -1 -1

0.449593 0.413671 6.451383
0.678876 0.162499 0.716046
0.185996 0.756760
1.000000 0.00000 0.00000 0.00000
4 -1 -1 -1

0.449593 0.582639 6.331807
0.653227 0.687814 0.316552
0.190812 0.770249
1.000000 0.00000 0.00000 0.00000
4 -1 -1 -1

0.449593 0.514176 6.414234
0.653225 0.437385 0.618054
0.534476 0.201186
1.000000 0.00000 0.00000 0.00000
4 -1 -1 -1

0.274375 -0.102735 5.403971
0.00000 -0.999938 0.011155
0.511053 0.215510
1.000000 0.00000 0.00000 0.00000
4 -1 -1 -1

0.274375 0.590830 5.339796
0.00000 0.999938 -0.011154
0.511053 0.201186
1.000000 0.00000 0.00000 0.00000
4 -1 -1 -1

0.274375 -0.092847 6.290368
0.00000 -0.983373 0.181598
0.534476 0.215510
1.000000 0.00000 0.00000 0.00000
4 -1 -1 -1

0.274375 0.132344 6.477414
0.00000 -0.038622 0.999254
0.511053 0.229833
1.000000 0.00000 0.00000 0.00000
4 -1 -1 -1

0.274375 -0.055697 6.390872
0.00000 -0.816274 0.577665
0.511053 0.215510
1.000000 0.00000 0.00000 0.00000
4 -1 -1 -1

0.274375 0.026729 6.459336
0.00000 -0.418081 0.908410
0.534476 0.229833
1.000000 0.00000 0.00000 0.00000
4 -1 -1 -1

0.274375 0.413671 6.451383
0.00000 0.221312 0.975203
0.511053 0.244156
1.000000 0.00000 0.00000 0.00000
4 -1 -1 -1

0.274375 0.600718 6.226192
0.00000 0.996866 0.079106
0.511053 0.229833
1.000000 0.00000 0.00000 0.00000
4 -1 -1 -1

0.274375 0.514176 6.414234
0.00000 0.577663 0.816276
0.534476 0.120449
1.000000 0.00000 0.00000 0.00000
4 -1 -1 -1

0.274375 0.582639 6.331807
0.00000 0.908411 0.418078
0.511053 0.134773
1.000000 0.00000 0.00000 0.00000
4 -1 -1 -1

0.146918 -0.140685 6.130998
-0.763590 -0.643503 0.053233
0.511053 0.120449
1.000000 0.00000 0.00000 0.00000
4 -1 -1 -1

0.140475 -0.090753 6.069881
-0.885779 -0.366691 -0.284487
0.534476 0.134773
1.000000 0.00000 0.00000 0.00000
4 -1 -1 -1

0.398508 -0.141062 6.131028
0.761638 -0.645797 0.053416
0.511053 0.149096
1.000000 0.00000 0.00000 0.00000
4 -1 -1 -1

0.272713 -0.151244 6.005646
-0.000987 -0.707527 -0.706685
0.511053 0.134773
1.000000 0.00000 0.00000 0.00000
4 -1 -1 -1

0.163438 -0.147332 6.084488
0.359407 -0.912031 0.197548
0.534476 0.149096
1.000000 0.00000 0.00000 0.00000
4 -1 -1 -1

0.272713 -0.130503 6.256381
-0.000969 -0.581766 0.813356
0.511053 0.163419
1.000000 0.00000 0.00000 0.00000
4 -1 -1 -1

0.329588 -0.097263 5.994632
0.313228 -0.415602 -0.853911
0.511053 0.149096
1.000000 0.00000 0.00000 0.00000
4 -1 -1 -1

0.364804 -0.147304 6.039142
0.531725 -0.700081 -0.476608
0.534476 0.362652
1.000000 0.00000 0.00000 0.00000
4 -1 -1 -1

0.180626 -0.147028 6.039118
-0.533688 -0.698490 -0.476749
0.511053 0.244156
1.000000 0.00000 0.00000 0.00000
4 -1 -1 -1

0.364804 -0.132121 6.222693
0.531705 -0.612263 0.585170
0.534476 0.244156
1.000000 0.00000 0.00000 0.00000
4 -1 -1 -1

0.216004 -0.075277 6.258359
-0.314263 -0.268712 0.910513
0.534476 0.201186
1.000000 0.00000 0.00000 0.00000
4 -1 -1 -1

0.180626 -0.131845 6.222670
-0.533690 -0.610660 0.585038
0.571153 0.163419
1.000000 0.00000 0.00000 0.00000
4 -1 -1 -1

0.405116 -0.081786 6.183112
0.884746 -0.317616 0.341094
0.571153 0.201186
1.000000 0.00000 0.00000 0.00000
4 -1 -1 -1

0.155262 -0.135892 6.181185
-0.708727 -0.627635 0.322150
0.534476 0.001953
1.000000 0.00000 0.00000 0.00000
4 -1 -1 -1

0.317982 -0.136053 6.024829
-0.222335 -0.715901 0.661856
0.571153 0.120449
1.000000 0.00000 0.00000 0.00000
4 -1 -1 -1

0.313661 -0.135752 6.034903
0.187178 -0.872834 -0.450694
0.534476 0.120449
1.000000 0.00000 0.00000 0.00000
4 -1 -1 -1

0.225810 -0.134551 6.240134
0.120298 -0.951446 -0.283336
0.571153 0.215510
1.000000 0.00000 0.00000 0.00000
4 -1 -1 -1

0.381980 -0.139927 6.177994
-0.362216 -0.931003 -0.045091
0.534476 0.201186
1.000000 0.00000 0.00000 0.00000
4 -1 -1 -1

0.319608 -0.152708 6.022347
-0.123074 -0.891596 0.435786
0.571153 0.201186
1.000000 0.00000 0.00000 0.00000
4 -1 -1 -1

0.358404 -0.152812 6.171515
0.600123 -0.738288 0.307867
0.571153 0.229833
1.000000 0.00000 0.00000 0.00000
4 -1 -1 -1

0.167309 -0.130866 6.084783
0.599431 -0.748408 0.283846
0.534476 0.215510
1.000000 0.00000 0.00000 0.00000
4 -1 -1 -1

0.177374 -0.131060 6.089134
-0.522384 -0.844333 -0.119238
0.571153 0.215510
1.000000 0.00000 0.00000 0.00000
4 -1 -1 -1

0.227485 -0.118535 6.234951
0.220018 -0.815584 -0.535177
0.571153 0.244156
1.000000 0.00000 0.00000 0.00000
4 -1 -1 -1

0.231805 -0.119907 6.224963
-0.189692 -0.786331 0.587963
0.534476 0.229833
1.000000 0.00000 0.00000 0.00000
4 -1 -1 -1

0.378159 -0.123722 6.174998
-0.601755 -0.783065 -0.157167
0.571153 0.229833
1.000000 0.00000 0.00000 0.00000
4 -1 -1 -1

0.368092 -0.124599 6.170734
0.519882 -0.814826 0.256480
0.571153 0.134773
1.000000 0.00000 0.00000 0.00000
4 -1 -1 -1

0.312070 -0.163055 6.046841
0.244828 -0.807602 -0.536506
0.534476 0.120449
1.000000 0.00000 0.00000 0.00000
4 -1 -1 -1

0.186977 -0.159048 6.093002
-0.602415 -0.777032 -0.182530
0.571153 0.120449
1.000000 0.00000 0.00000 0.00000
4 -1 -1 -1

0.233311 -0.148805 6.217676
-0.247119 -0.707707 0.661878
0.571153 0.149096
1.000000 0.00000 0.00000 0.00000
4 -1 -1 -1

0.312070 -0.148923 6.217686
0.244816 -0.708458 0.661930
0.534476 0.134773
1.000000 0.00000 0.00000 0.00000
4 -1 -1 -1

0.233311 -0.162937 6.046832
-0.247098 -0.806864 -0.536576
0.571153 0.134773
1.000000 0.00000 0.00000 0.00000
4 -1 -1 -1

0.317982 -0.118671 6.234962
-0.222338 -0.814919 -0.535232
0.571153 0.163419
1.000000 0.00000 0.00000 0.00000
4 -1 -1 -1

0.313661 -0.120030 6.224974
0.187175 -0.786907 0.587999
0.534476 0.149096
1.000000 0.00000 0.00000 0.00000
4 -1 -1 -1

0.225810 -0.152567 6.022336
0.120287 -0.891967 0.435806
0.571153 0.149096
1.000000 0.00000 0.00000 0.00000
4 -1 -1 -1

0.319608 -0.134692 6.240146
-0.123080 -0.951082 -0.283364
0.571153 0.244156
1.000000 0.00000 0.00000 0.00000
4 -1 -1 -1

0.227485 -0.135917 6.024818
0.220020 -0.716556 0.661921
0.534476 0.362652
1.000000 0.00000 0.00000 0.00000
4 -1 -1 -1

0.231805 -0.135629 6.034894
-0.189687 -0.872260 -0.450756
0.534476 0.244156
1.000000 0.00000 0.00000 0.00000
4 -1 -1 -1

0.329588 -0.075447 6.258373
0.313231 -0.269659 0.910588
0.239008 0.600906
1.000000 0.00000 0.00000 0.00000
4 -1 -1 -1

0.390166 -0.144556 6.080736
0.706761 -0.674162 -0.214464
0.244798 0.592947
1.000000 0.00000 0.00000 0.00000
4 -1 -1 -1

0.216004 -0.097093 5.994618
-0.314262 -0.414670 -0.853984
0.247276 0.596325
1.000000 0.00000 0.00000 0.00000
4 -1 -1 -1

0.222304 -0.149830 6.013902
-0.270287 -0.708838 -0.651532
0.244855 0.515628
1.000000 0.00000 0.00000 0.00000
4 -1 -1 -1

0.186977 -0.152555 6.171494
-0.602413 -0.736478 0.307732
0.238989 0.507703
1.000000 0.00000 0.00000 0.00000
4 -1 -1 -1

0.378159 -0.131182 6.084809
-0.601743 -0.746609 0.283692
0.247320 0.512243
1.000000 0.00000 0.00000 0.00000
4 -1 -1 -1

0.368092 -0.131346 6.089157
0.519868 -0.845902 -0.119111
0.238909 0.584898
1.000000 0.00000 0.00000 0.00000
4 -1 -1 -1

0.167309 -0.123406 6.174971
0.599419 -0.784887 -0.156998
0.245291 0.580970
1.000000 0.00000 0.00000 0.00000
4 -1 -1 -1

0.177374 -0.124312 6.170711
-0.522391 -0.813258 0.256356
0.239727 0.586091
1.000000 0.00000 0.00000 0.00000
4 -1 -1 -1

0.358404 -0.159305 6.093024
0.600119 -0.778841 -0.182385
0.251814 0.587095
1.000000 0.00000 0.00000 0.00000
4 -1 -1 -1

0.381980 -0.147660 6.084516
-0.362195 -0.910948 0.197455
0.239727 0.586091
1.000000 0.00000 0.00000 0.00000
4 -1 -1 -1

0.405116 -0.091150 6.069915
0.884745 -0.369353 -0.284262
0.245291 0.580970
1.000000 0.00000 0.00000 0.00000
4 -1 -1 -1

0.323124 -0.130618 6.248017
0.268321 -0.592956 0.759215
0.248130 0.541925
1.000000 0.00000 0.00000 0.00000
4 -1 -1 -1

0.163438 -0.139599 6.177968
0.359407 -0.932095 -0.045005
0.246555 0.535677
1.000000 0.00000 0.00000 0.00000
4 -1 -1 -1

0.140475 -0.081389 6.183079
-0.885781 -0.314956 0.340875
0.249700 0.541301
1.000000 0.00000 0.00000 0.00000
4 -1 -1 -1

0.323124 -0.149982 6.013913
0.268321 -0.709648 -0.651462
0.220386 0.506205
1.000000 0.00000 0.00000 0.00000
4 -1 -1 -1

0.130746 -0.056066 6.185190
-0.872907 -0.360461 0.328789
0.230326 0.504097
1.000000 0.00000 0.00000 0.00000
4 -1 -1 -1

0.414921 -0.066547 6.063672
0.871731 -0.412221 -0.264875
0.229173 0.508109
1.000000 0.00000 0.00000 0.00000
4 -1 -1 -1

0.333817 -0.073111 5.982834
0.297365 -0.458686 -0.837366
0.248151 0.566701
1.000000 0.00000 0.00000 0.00000
4 -1 -1 -1

0.211849 -0.049502 6.266028
-0.298532 -0.313996 0.901269
0.251242 0.561052
1.000000 0.00000 0.00000 0.00000
4 -1 -1 -1

0.169045 -0.096859 6.023272
-0.659482 -0.414897 -0.626852
0.249720 0.567307
1.000000 0.00000 0.00000 0.00000
4 -1 -1 -1

0.390166 -0.136245 6.181212
0.706760 -0.629764 0.322315
0.257278 0.528942
1.000000 0.00000 0.00000 0.00000
4 -1 -1 -1

0.169045 -0.079754 6.230058
-0.659477 -0.306257 0.686510
0.253362 0.539854
1.000000 0.00000 0.00000 0.00000
4 -1 -1 -1

0.376540 -0.097171 6.023297
0.658391 -0.416888 -0.626679
0.249982 0.533504
1.000000 0.00000 0.00000 0.00000
4 -1 -1 -1

0.376540 -0.080065 6.230085
0.658379 -0.308225 0.686684
0.231172 0.584784
1.000000 0.00000 0.00000 0.00000
4 -1 -1 -1

0.187035 -0.149775 6.045782
0.256737 -0.906925 0.334027
0.237346 0.582838
1.000000 0.00000 0.00000 0.00000
4 -1 -1 -1

0.187035 -0.135649 6.216548
0.256751 -0.949472 -0.180504
0.231882 0.586302
1.000000 0.00000 0.00000 0.00000
4 -1 -1 -1

0.358385 -0.135906 6.216570
-0.259540 -0.948704 -0.180557
0.238909 0.584898
1.000000 0.00000 0.00000 0.00000
4 -1 -1 -1

0.358385 -0.150032 6.045803
-0.259533 -0.906148 0.333975
0.231882 0.586302
1.000000 0.00000 0.00000 0.00000
4 -1 -1 -1

0.355393 -0.134292 6.047527
-0.457110 -0.723463 0.517350
0.237346 0.582838
1.000000 0.00000 0.00000 0.00000
4 -1 -1 -1

0.347500 -0.134138 6.055433
0.381921 -0.869741 -0.312548
0.226322 0.517795
1.000000 0.00000 0.00000 0.00000
4 -1 -1 -1

0.197966 -0.133913 6.055415
-0.384469 -0.868579 -0.312658
0.231903 0.522306
1.000000 0.00000 0.00000 0.00000
4 -1 -1 -1

0.190074 -0.134044 6.047507
0.454799 -0.724846 0.517451
0.225740 0.520312
1.000000 0.00000 0.00000 0.00000
4 -1 -1 -1

0.197966 -0.121586 6.204440
-0.384471 -0.805398 0.451129
0.252006 0.540390
1.000000 0.00000 0.00000 0.00000
4 -1 -1 -1

0.190074 -0.120416 6.212263
0.454797 -0.800003 -0.391350
0.249982 0.533504
1.000000 0.00000 0.00000 0.00000
4 -1 -1 -1

0.347500 -0.121810 6.204459
0.381923 -0.806561 0.451214
0.253362 0.539854
1.000000 0.00000 0.00000 0.00000
4 -1 -1 -1

0.355393 -0.120664 6.212284
-0.457103 -0.798636 -0.391456
0.238989 0.507703
1.000000 0.00000 0.00000 0.00000
4 -1 -1 -1

0.341343 -0.147956 6.200482
0.519697 -0.632093 0.574782
0.229173 0.508109
1.000000 0.00000 0.00000 0.00000
4 -1 -1 -1

0.341343 -0.159274 6.063653
0.519702 -0.717948 -0.463099
0.230326 0.504097
1.000000 0.00000 0.00000 0.00000
4 -1 -1 -1

0.204045 -0.159069 6.063635
-0.521739 -0.716377 -0.463241
0.253816 0.561487
1.000000 0.00000 0.00000 0.00000
4 -1 -1 -1

0.204046 -0.147750 6.200465
-0.521738 -0.630516 0.574665
0.255786 0.554292
1.000000 0.00000 0.00000 0.00000
4 -1 -1 -1

0.211849 -0.072928 5.982819
-0.298537 -0.457799 -0.837434
0.255240 0.561802
1.000000 0.00000 0.00000 0.00000
4 -1 -1 -1

0.333817 -0.049685 6.266044
0.297369 -0.314901 0.901337
0.257255 0.579720
1.000000 0.00000 0.00000 0.00000
4 -1 -1 -1

0.272688 -0.149950 6.223668
-0.001189 -0.737323 0.675539
0.253398 0.568750
1.000000 0.00000 0.00000 0.00000
4 -1 -1 -1

0.272688 -0.165051 6.041109
-0.001196 -0.838306 -0.545198
0.261068 0.571814
1.000000 0.00000 0.00000 0.00000
4 -1 -1 -1

0.272734 -0.117925 6.242415
-0.001155 -0.819857 -0.572568
0.239727 0.586091
1.000000 0.00000 0.00000 0.00000
4 -1 -1 -1

0.272733 -0.119378 6.231716
-0.001242 -0.780605 0.625023
0.232949 0.588542
1.000000 0.00000 0.00000 0.00000
4 -1 -1 -1

0.272708 -0.154066 6.014672
-0.001391 -0.887231 0.461324
0.238909 0.584898
1.000000 0.00000 0.00000 0.00000
4 -1 -1 -1

0.272708 -0.134771 6.247941
-0.001386 -0.950984 -0.309236
0.264791 0.573303
1.000000 0.00000 0.00000 0.00000
4 -1 -1 -1

0.272734 -0.136542 6.017355
-0.001160 -0.714631 0.699501
0.263694 0.563450
1.000000 0.00000 0.00000 0.00000
4 -1 -1 -1

0.272733 -0.136217 6.028146
-0.001262 -0.872698 -0.488258
0.267794 0.564253
1.000000 0.00000 0.00000 0.00000
4 -1 -1 -1

0.272799 -0.072394 6.267552
-0.000487 -0.248287 0.968686
0.257255 0.579720
1.000000 0.00000 0.00000 0.00000
4 -1 -1 -1

0.222304 -0.130466 6.248005
-0.270287 -0.592148 0.759148
0.264791 0.573303
1.000000 0.00000 0.00000 0.00000
4 -1 -1 -1

0.272799 -0.095760 5.985076
-0.000499 -0.404067 -0.914729
0.260793 0.581956
1.000000 0.00000 0.00000 0.00000
4 -1 -1 -1

0.130746 -0.066121 6.063637
-0.872901 -0.409595 -0.265096
0.249982 0.533504
1.000000 0.00000 0.00000 0.00000
4 -1 -1 -1

0.414921 -0.056492 6.185225
0.871738 -0.363080 0.329008
0.251865 0.521539
1.000000 0.00000 0.00000 0.00000
4 -1 -1 -1

0.181097 -0.157363 6.132378
-0.613639 -0.786899 0.065092
0.257278 0.528942
1.000000 0.00000 0.00000 0.00000
4 -1 -1 -1

0.385648 -0.127403 6.129899
-0.639357 -0.766293 0.063386
0.251814 0.587095
1.000000 0.00000 0.00000 0.00000
4 -1 -1 -1

0.374866 -0.127950 6.129944
0.557283 -0.827496 0.068448
0.250012 0.575088
1.000000 0.00000 0.00000 0.00000
4 -1 -1 -1

0.159820 -0.127064 6.129871
0.637034 -0.768212 0.063543
0.257255 0.579720
1.000000 0.00000 0.00000 0.00000
4 -1 -1 -1

0.170600 -0.127644 6.129919
-0.559788 -0.825816 0.068306
0.252044 0.568218
1.000000 0.00000 0.00000 0.00000
4 -1 -1 -1

0.364279 -0.157637 6.132400
0.611259 -0.788737 0.065241
0.255240 0.561802
1.000000 0.00000 0.00000 0.00000
4 -1 -1 -1

0.389741 -0.144594 6.131321
-0.387984 -0.918528 0.075985
0.253398 0.568750
1.000000 0.00000 0.00000 0.00000
4 -1 -1 -1

0.414519 -0.084289 6.126333
0.944432 -0.327587 0.027100
0.264792 0.535388
1.000000 0.00000 0.00000 0.00000
4 -1 -1 -1

0.155675 -0.144243 6.131292
0.385198 -0.919693 0.076075
0.257278 0.528942
1.000000 0.00000 0.00000 0.00000
4 -1 -1 -1

0.131079 -0.083864 6.126297
-0.945418 -0.324751 0.026862
0.260830 0.526721
1.000000 0.00000 0.00000 0.00000
4 -1 -1 -1

0.155262 -0.144203 6.080706
-0.708731 -0.672036 -0.214634
0.255223 0.546785
1.000000 0.00000 0.00000 0.00000
4 -1 -1 -1

0.161423 -0.073814 6.013680
-0.645365 -0.461401 -0.608780
0.252006 0.540390
1.000000 0.00000 0.00000 0.00000
4 -1 -1 -1

0.161423 -0.055446 6.235732
-0.645363 -0.355095 0.676324
0.253362 0.539854
1.000000 0.00000 0.00000 0.00000
4 -1 -1 -1

0.384233 -0.074148 6.013707
0.644128 -0.463344 -0.608614
0.220386 0.506205
1.000000 0.00000 0.00000 0.00000
4 -1 -1 -1

0.384233 -0.055780 6.235760
0.644128 -0.357017 0.676490
0.226723 0.516412
1.000000 0.00000 0.00000 0.00000
4 -1 -1 -1

0.272839 -0.070362 5.972479
-0.000555 -0.444331 -0.895862
0.219088 0.515345
1.000000 0.00000 0.00000 0.00000
4 -1 -1 -1

0.272839 -0.045271 6.275806
-0.000556 -0.291136 0.956681
0.225740 0.520312
1.000000 0.00000 0.00000 0.00000
4 -1 -1 -1

0.120658 -0.057588 6.124125
-0.929993 -0.366325 0.030307
0.231186 0.523852
1.000000 0.00000 0.00000 0.00000
4 -1 -1 -1

0.425020 -0.058045 6.124161
0.928882 -0.369115 0.030527
0.225308 0.521914
1.000000 0.00000 0.00000 0.00000
4 -1 -1 -1

-0.449593 -0.102735 5.403971
-0.724674 -0.689049 0.007687
0.255240 0.561802
1.000000 0.00000 0.00000 0.00000
4 -1 -1 -1

-0.449593 0.590830 5.339796
-0.688125 0.725547 -0.008094
0.264779 0.554344
1.000000 0.00000 0.00000 0.00000
4 -1 -1 -1

-0.449593 0.132344 6.477414
-0.678875 -0.028358 0.733706
0.263694 0.563450
1.000000 0.00000 0.00000 0.00000
4 -1 -1 -1

-0.449593 -0.092847 6.290368
-0.670645 -0.729445 0.134706
0.225740 0.520312
1.000000 0.00000 0.00000 0.00000
4 -1 -1 -1

-0.449593 0.026729 6.459336
-0.653226 -0.316555 0.687814
0.219096 0.516804
1.000000 0.00000 0.00000 0.00000
4 -1 -1 -1

-0.449593 -0.055697 6.390872
-0.653227 -0.618051 0.437386
0.226322 0.517795
1.000000 0.00000 0.00000 0.00000
4 -1 -1 -1

-0.449593 0.600718 6.226192
-0.687353 0.724048 0.057456
0.236391 0.581455
1.000000 0.00000 0.00000 0.00000
4 -1 -1 -1

-0.449593 0.413671 6.451383
-0.678876 0.162499 0.716046
0.242304 0.578189
1.000000 0.00000 0.00000 0.00000
4 -1 -1 -1

-0.449593 0.582639 6.331807
-0.653228 0.687814 0.316552
0.237346 0.582838
1.000000 0.00000 0.00000 0.00000
4 -1 -1 -1

-0.449593 0.514176 6.414234
-0.653225 0.437385 0.618054
0.245121 0.536546
1.000000 0.00000 0.00000 0.00000
4 -1 -1 -1

-0.274375 -0.102735 5.403971
0.00000 -0.999938 0.011155
0.244271 0.543457
1.000000 0.00000 0.00000 0.00000
4 -1 -1 -1

0.00000 -0.102735 5.403971
0.00000 -0.999938 0.011155
0.241463 0.539329
1.000000 0.00000 0.00000 0.00000
4 -1 -1 -1

-0.274375 0.590830 5.339796
0.00000 0.999938 -0.011154
0.225308 0.521914
1.000000 0.00000 0.00000 0.00000
4 -1 -1 -1

0.00000 0.590830 5.339796
0.00000 0.999938 -0.011155
0.218865 0.519509
1.000000 0.00000 0.00000 0.00000
4 -1 -1 -1

-0.274375 -0.092847 6.290368
0.00000 -0.983373 0.181598
0.225740 0.520312
1.000000 0.00000 0.00000 0.00000
4 -1 -1 -1

-0.274375 0.132344 6.477414
0.00000 -0.038622 0.999254
0.253816 0.561487
1.000000 0.00000 0.00000 0.00000
4 -1 -1 -1

-0.274375 -0.055697 6.390872
0.00000 -0.816274 0.577665
0.249720 0.567307
1.000000 0.00000 0.00000 0.00000
4 -1 -1 -1

-0.274375 0.026729 6.459336
0.00000 -0.418081 0.908410
0.251242 0.561052
1.000000 0.00000 0.00000 0.00000
4 -1 -1 -1

0.00000 0.132344 6.477414
0.00000 -0.038622 0.999254
0.225308 0.521914
1.000000 0.00000 0.00000 0.00000
4 -1 -1 -1

0.00000 -0.092847 6.290368
0.00000 -0.983373 0.181598
0.218560 0.525926
1.000000 0.00000 0.00000 0.00000
4 -1 -1 -1

0.00000 0.026729 6.459336
0.00000 -0.418080 0.908410
0.218941 0.521151
1.000000 0.00000 0.00000 0.00000
4 -1 -1 -1

0.00000 -0.055697 6.390872
0.00000 -0.816274 0.577665
0.249622 0.547908
1.000000 0.00000 0.00000 0.00000
4 -1 -1 -1

-0.274375 0.413671 6.451383
0.00000 0.221312 0.975203
0.245206 0.554315
1.000000 0.00000 0.00000 0.00000
4 -1 -1 -1

-0.274375 0.600718 6.226192
0.00000 0.996866 0.079106
0.245042 0.548379
1.000000 0.00000 0.00000 0.00000
4 -1 -1 -1

-0.274375 0.514176 6.414234
0.00000 0.577663 0.816276
0.229408 0.580928
1.000000 0.00000 0.00000 0.00000
4 -1 -1 -1

-0.274375 0.582639 6.331807
0.00000 0.908411 0.418078
0.236391 0.581455
1.000000 0.00000 0.00000 0.00000
4 -1 -1 -1

0.00000 0.600718 6.226192
0.00000 0.996866 0.079106
0.231172 0.584784
1.000000 0.00000 0.00000 0.00000
4 -1 -1 -1

0.00000 0.413671 6.451383
0.00000 0.221312 0.975203
0.233595 0.518726
1.000000 0.00000 0.00000 0.00000
4 -1 -1 -1

0.00000 0.582639 6.331807
0.00000 0.908411 0.418078
0.229173 0.508109
1.000000 0.00000 0.00000 0.00000
4 -1 -1 -1

0.00000 0.514176 6.414234
0.00000 0.577663 0.816275
0.237248 0.511312
1.000000 0.00000 0.00000 0.00000
4 -1 -1 -1

-0.403178 -0.140685 6.130998
-0.763590 -0.643503 0.053233
0.248728 0.534243
1.000000 0.00000 0.00000 0.00000
4 -1 -1 -1

-0.409621 -0.090753 6.069881
-0.885779 -0.366692 -0.284487
0.249700 0.541301
1.000000 0.00000 0.00000 0.00000
4 -1 -1 -1

-0.151588 -0.141062 6.131028
0.761637 -0.645798 0.053415
0.246555 0.535677
1.000000 0.00000 0.00000 0.00000
4 -1 -1 -1

-0.277383 -0.151244 6.005646
-0.000988 -0.707527 -0.706686
0.225714 0.588296
1.000000 0.00000 0.00000 0.00000
4 -1 -1 -1

-0.386658 -0.147332 6.084488
0.359407 -0.912032 0.197548
0.219054 0.591886
1.000000 0.00000 0.00000 0.00000
4 -1 -1 -1

-0.277383 -0.130503 6.256381
-0.000969 -0.581766 0.813356
0.218818 0.589146
1.000000 0.00000 0.00000 0.00000
4 -1 -1 -1

-0.220508 -0.097263 5.994632
0.313228 -0.415602 -0.853911
0.263694 0.563450
1.000000 0.00000 0.00000 0.00000
4 -1 -1 -1

-0.185292 -0.147304 6.039142
0.531725 -0.700081 -0.476608
0.253398 0.568750
1.000000 0.00000 0.00000 0.00000
4 -1 -1 -1

-0.369470 -0.147028 6.039118
-0.533688 -0.698489 -0.476749
0.255240 0.561802
1.000000 0.00000 0.00000 0.00000
4 -1 -1 -1

-0.185292 -0.132121 6.222693
0.531705 -0.612263 0.585170
0.229173 0.600499
1.000000 0.00000 0.00000 0.00000
4 -1 -1 -1

-0.334092 -0.075277 6.258359
-0.314263 -0.268711 0.910513
0.233591 0.589850
1.000000 0.00000 0.00000 0.00000
4 -1 -1 -1

-0.369470 -0.131845 6.222670
-0.533690 -0.610659 0.585038
0.237243 0.597321
1.000000 0.00000 0.00000 0.00000
4 -1 -1 -1

-0.144979 -0.081786 6.183112
0.884746 -0.317616 0.341094
0.232972 0.520054
1.000000 0.00000 0.00000 0.00000
4 -1 -1 -1

-0.394834 -0.135892 6.181185
-0.708726 -0.627635 0.322150
0.226723 0.516412
1.000000 0.00000 0.00000 0.00000
4 -1 -1 -1

-0.232114 -0.136053 6.024829
-0.222335 -0.715901 0.661856
0.233595 0.518726
1.000000 0.00000 0.00000 0.00000
4 -1 -1 -1

-0.236435 -0.135752 6.034903
0.187179 -0.872834 -0.450694
0.233591 0.589850
1.000000 0.00000 0.00000 0.00000
4 -1 -1 -1

-0.324286 -0.134551 6.240134
0.120299 -0.951445 -0.283337
0.244798 0.592947
1.000000 0.00000 0.00000 0.00000
4 -1 -1 -1

-0.168116 -0.139927 6.177994
-0.362215 -0.931003 -0.045090
0.237243 0.597321
1.000000 0.00000 0.00000 0.00000
4 -1 -1 -1

-0.230488 -0.152708 6.022347
-0.123074 -0.891596 0.435786
0.218818 0.589146
1.000000 0.00000 0.00000 0.00000
4 -1 -1 -1

-0.191692 -0.152812 6.171515
0.600124 -0.738287 0.307868
0.225271 0.586681
1.000000 0.00000 0.00000 0.00000
4 -1 -1 -1

-0.382787 -0.130866 6.084783
0.599431 -0.748408 0.283846
0.225714 0.588296
1.000000 0.00000 0.00000 0.00000
4 -1 -1 -1

-0.372722 -0.131060 6.089134
-0.522383 -0.844333 -0.119238
0.251242 0.561052
1.000000 0.00000 0.00000 0.00000
4 -1 -1 -1

-0.322611 -0.118535 6.234951
0.220018 -0.815584 -0.535178
0.254358 0.554296
1.000000 0.00000 0.00000 0.00000
4 -1 -1 -1

-0.318291 -0.119907 6.224963
-0.189692 -0.786331 0.587963
0.253816 0.561487
1.000000 0.00000 0.00000 0.00000
4 -1 -1 -1

-0.171937 -0.123722 6.174998
-0.601754 -0.783065 -0.157167
0.249595 0.560709
1.000000 0.00000 0.00000 0.00000
4 -1 -1 -1

-0.182004 -0.124599 6.170734
0.519882 -0.814826 0.256480
0.251677 0.554301
1.000000 0.00000 0.00000 0.00000
4 -1 -1 -1

-0.238026 -0.163055 6.046841
0.244828 -0.807602 -0.536506
0.251242 0.561052
1.000000 0.00000 0.00000 0.00000
4 -1 -1 -1

-0.363119 -0.159048 6.093002
-0.602414 -0.777033 -0.182530
0.249595 0.560709
1.000000 0.00000 0.00000 0.00000
4 -1 -1 -1

-0.316785 -0.148805 6.217676
-0.247120 -0.707705 0.661880
0.244234 0.565199
1.000000 0.00000 0.00000 0.00000
4 -1 -1 -1

-0.238026 -0.148923 6.217686
0.244816 -0.708458 0.661931
0.245039 0.560266
1.000000 0.00000 0.00000 0.00000
4 -1 -1 -1

-0.316785 -0.162937 6.046832
-0.247098 -0.806864 -0.536576
0.236391 0.581455
1.000000 0.00000 0.00000 0.00000
4 -1 -1 -1

-0.232114 -0.118671 6.234962
-0.222338 -0.814919 -0.535232
0.237650 0.573807
1.000000 0.00000 0.00000 0.00000
4 -1 -1 -1

-0.236435 -0.120030 6.224974
0.187175 -0.786907 0.587999
0.241119 0.577083
1.000000 0.00000 0.00000 0.00000
4 -1 -1 -1

-0.324286 -0.152567 6.022336
0.120288 -0.891966 0.435806
0.245121 0.536546
1.000000 0.00000 0.00000 0.00000
4 -1 -1 -1

-0.230488 -0.134692 6.240146
-0.123079 -0.951082 -0.283364
0.237568 0.534844
1.000000 0.00000 0.00000 0.00000
4 -1 -1 -1

-0.322611 -0.135917 6.024818
0.220020 -0.716556 0.661920
0.241071 0.531565
1.000000 0.00000 0.00000 0.00000
4 -1 -1 -1

-0.318291 -0.135629 6.034894
-0.189687 -0.872260 -0.450756
0.246555 0.535677
1.000000 0.00000 0.00000 0.00000
4 -1 -1 -1

-0.220508 -0.075447 6.258373
0.313231 -0.269659 0.910588
0.244214 0.528617
1.000000 0.00000 0.00000 0.00000
4 -1 -1 -1

-0.159930 -0.144556 6.080736
0.706761 -0.674162 -0.214464
0.248728 0.534243
1.000000 0.00000 0.00000 0.00000
4 -1 -1 -1

-0.334092 -0.097093 5.994618
-0.314262 -0.414670 -0.853983
0.245121 0.536546
1.000000 0.00000 0.00000 0.00000
4 -1 -1 -1

-0.327792 -0.149830 6.013902
-0.270287 -0.708838 -0.651532
0.242258 0.530447
1.000000 0.00000 0.00000 0.00000
4 -1 -1 -1

-0.363119 -0.152555 6.171494
-0.602414 -0.736477 0.307733
0.246555 0.535677
1.000000 0.00000 0.00000 0.00000
4 -1 -1 -1

-0.171937 -0.131182 6.084809
-0.601743 -0.746608 0.283692
0.249595 0.560709
1.000000 0.00000 0.00000 0.00000
4 -1 -1 -1

-0.182004 -0.131346 6.089157
0.519869 -0.845901 -0.119111
0.245206 0.554315
1.000000 0.00000 0.00000 0.00000
4 -1 -1 -1

-0.382787 -0.123406 6.174971
0.599419 -0.784888 -0.156998
0.250045 0.554307
1.000000 0.00000 0.00000 0.00000
4 -1 -1 -1

-0.372722 -0.124312 6.170711
-0.522391 -0.813258 0.256356
0.251677 0.554301
1.000000 0.00000 0.00000 0.00000
4 -1 -1 -1

-0.191692 -0.159305 6.093024
0.600120 -0.778840 -0.182384
0.249622 0.547908
1.000000 0.00000 0.00000 0.00000
4 -1 -1 -1

-0.168116 -0.147660 6.084516
-0.362196 -0.910947 0.197455
0.251244 0.547551
1.000000 0.00000 0.00000 0.00000
4 -1 -1 -1

-0.144979 -0.091150 6.069915
0.884745 -0.369353 -0.284262
0.225308 0.521914
1.000000 0.00000 0.00000 0.00000
4 -1 -1 -1

-0.226971 -0.130618 6.248017
0.268321 -0.592956 0.759215
0.229393 0.527642
1.000000 0.00000 0.00000 0.00000
4 -1 -1 -1

-0.386658 -0.139599 6.177968
0.359408 -0.932095 -0.045006
0.224523 0.526473
1.000000 0.00000 0.00000 0.00000
4 -1 -1 -1

-0.409621 -0.081389 6.183079
-0.885780 -0.314956 0.340875
0.251244 0.547551
1.000000 0.00000 0.00000 0.00000
4 -1 -1 -1

-0.226971 -0.149982 6.013913
0.268321 -0.709648 -0.651462
0.248130 0.541925
1.000000 0.00000 0.00000 0.00000
4 -1 -1 -1

-0.419350 -0.056066 6.185190
-0.872906 -0.360462 0.328789
0.249700 0.541301
1.000000 0.00000 0.00000 0.00000
4 -1 -1 -1

-0.135175 -0.066547 6.063672
0.871730 -0.412223 -0.264875
0.237346 0.582838
1.000000 0.00000 0.00000 0.00000
4 -1 -1 -1

-0.216278 -0.073111 5.982834
0.297365 -0.458687 -0.837365
0.244251 0.580005
1.000000 0.00000 0.00000 0.00000
4 -1 -1 -1

-0.338247 -0.049502 6.266028
-0.298532 -0.313995 0.901269
0.238909 0.584898
1.000000 0.00000 0.00000 0.00000
4 -1 -1 -1

-0.381051 -0.096859 6.023272
-0.659482 -0.414897 -0.626852
0.254358 0.554296
1.000000 0.00000 0.00000 0.00000
4 -1 -1 -1

-0.159930 -0.136245 6.181212
0.706761 -0.629764 0.322315
0.251244 0.547551
1.000000 0.00000 0.00000 0.00000
4 -1 -1 -1

-0.381051 -0.079754 6.230058
-0.659477 -0.306258 0.686510
0.253813 0.547109
1.000000 0.00000 0.00000 0.00000
4 -1 -1 -1

-0.173556 -0.097171 6.023297
0.658391 -0.416887 -0.626678
0.249700 0.541301
1.000000 0.00000 0.00000 0.00000
4 -1 -1 -1

-0.173556 -0.080065 6.230085
0.658379 -0.308225 0.686684
0.253813 0.547109
1.000000 0.00000 0.00000 0.00000
4 -1 -1 -1

-0.363061 -0.149775 6.045782
0.256735 -0.906925 0.334026
0.251244 0.547551
1.000000 0.00000 0.00000 0.00000
4 -1 -1 -1

-0.363061 -0.135649 6.216548
0.256751 -0.949473 -0.180502
0.225714 0.588296
1.000000 0.00000 0.00000 0.00000
4 -1 -1 -1

-0.191711 -0.135906 6.216570
-0.259540 -0.948703 -0.180557
0.231172 0.584784
1.000000 0.00000 0.00000 0.00000
4 -1 -1 -1

-0.191711 -0.150032 6.045803
-0.259534 -0.906148 0.333974
0.231882 0.586302
1.000000 0.00000 0.00000 0.00000
4 -1 -1 -1

-0.194703 -0.134292 6.047527
-0.457111 -0.723462 0.517351
0.231882 0.586302
1.000000 0.00000 0.00000 0.00000
4 -1 -1 -1

-0.202596 -0.134138 6.055433
0.381922 -0.869741 -0.312548
0.226316 0.590838
1.000000 0.00000 0.00000 0.00000
4 -1 -1 -1

-0.352130 -0.133913 6.055415
-0.384469 -0.868579 -0.312658
0.225714 0.588296
1.000000 0.00000 0.00000 0.00000
4 -1 -1 -1

-0.360022 -0.134044 6.047507
0.454798 -0.724847 0.517451
0.249622 0.547908
1.000000 0.00000 0.00000 0.00000
4 -1 -1 -1

-0.352130 -0.121586 6.204440
-0.384470 -0.805398 0.451129
0.244271 0.543457
1.000000 0.00000 0.00000 0.00000
4 -1 -1 -1

-0.360022 -0.120416 6.212263
0.454797 -0.800003 -0.391350
0.248130 0.541925
1.000000 0.00000 0.00000 0.00000
4 -1 -1 -1

-0.202596 -0.121810 6.204459
0.381923 -0.806561 0.451214
0.225271 0.586681
1.000000 0.00000 0.00000 0.00000
4 -1 -1 -1

-0.194703 -0.120664 6.212284
-0.457103 -0.798636 -0.391456
0.218560 0.582667
1.000000 0.00000 0.00000 0.00000
4 -1 -1 -1

-0.208753 -0.147956 6.200482
0.519697 -0.632093 0.574782
0.224544 0.582154
1.000000 0.00000 0.00000 0.00000
4 -1 -1 -1

-0.208753 -0.159274 6.063653
0.519702 -0.717948 -0.463099
0.263700 0.545226
1.000000 0.00000 0.00000 0.00000
4 -1 -1 -1

-0.346050 -0.159069 6.063635
-0.521739 -0.716376 -0.463242
0.264792 0.535388
1.000000 0.00000 0.00000 0.00000
4 -1 -1 -1

-0.346050 -0.147750 6.200465
-0.521738 -0.630516 0.574665
0.267795 0.544440
1.000000 0.00000 0.00000 0.00000
4 -1 -1 -1

-0.338247 -0.072928 5.982819
-0.298537 -0.457799 -0.837434
0.229173 0.600499
1.000000 0.00000 0.00000 0.00000
4 -1 -1 -1

-0.216278 -0.049685 6.266044
0.297369 -0.314901 0.901337
0.239008 0.600906
1.000000 0.00000 0.00000 0.00000
4 -1 -1 -1

-0.277408 -0.149950 6.223668
-0.001189 -0.737323 0.675539
0.230367 0.604504
1.000000 0.00000 0.00000 0.00000
4 -1 -1 -1

-0.277408 -0.165051 6.041109
-0.001196 -0.838306 -0.545198
0.253362 0.539854
1.000000 0.00000 0.00000 0.00000
4 -1 -1 -1

-0.277362 -0.117925 6.242415
-0.001155 -0.819856 -0.572568
0.263700 0.545226
1.000000 0.00000 0.00000 0.00000
4 -1 -1 -1

-0.277363 -0.119378 6.231716
-0.001241 -0.780606 0.625022
0.255223 0.546785
1.000000 0.00000 0.00000 0.00000
4 -1 -1 -1

-0.277388 -0.154066 6.014672
-0.001391 -0.887231 0.461324
0.264779 0.554344
1.000000 0.00000 0.00000 0.00000
4 -1 -1 -1

-0.277388 -0.134771 6.247941
-0.001386 -0.950984 -0.309236
0.255223 0.546785
1.000000 0.00000 0.00000 0.00000
4 -1 -1 -1

-0.277362 -0.136542 6.017355
-0.001160 -0.714630 0.699501
0.263700 0.545226
1.000000 0.00000 0.00000 0.00000
4 -1 -1 -1

-0.277363 -0.136217 6.028146
-0.001262 -0.872699 -0.488257
0.251865 0.521539
1.000000 0.00000 0.00000 0.00000
4 -1 -1 -1

-0.277297 -0.072394 6.267552
-0.000487 -0.248287 0.968686
0.239705 0.522542
1.000000 0.00000 0.00000 0.00000
4 -1 -1 -1

-0.327792 -0.130466 6.248005
-0.270287 -0.592148 0.759148
0.244855 0.515628
1.000000 0.00000 0.00000 0.00000
4 -1 -1 -1

-0.277297 -0.095760 5.985076
-0.000499 -0.404067 -0.914729
0.237318 0.525816
1.000000 0.00000 0.00000 0.00000
4 -1 -1 -1

-0.419350 -0.066121 6.063637
-0.872901 -0.409596 -0.265095
0.231186 0.523852
1.000000 0.00000 0.00000 0.00000
4 -1 -1 -1

-0.135175 -0.056492 6.185225
0.871737 -0.363080 0.329008
0.231903 0.522306
1.000000 0.00000 0.00000 0.00000
4 -1 -1 -1

-0.368999 -0.157363 6.132378
-0.613639 -0.786899 0.065091
0.225271 0.586681
1.000000 0.00000 0.00000 0.00000
4 -1 -1 -1

-0.164448 -0.127403 6.129899
-0.639358 -0.766292 0.063386
0.229408 0.580928
1.000000 0.00000 0.00000 0.00000
4 -1 -1 -1

-0.175230 -0.127950 6.129944
0.557283 -0.827497 0.068447
0.231172 0.584784
1.000000 0.00000 0.00000 0.00000
4 -1 -1 -1

-0.390276 -0.127064 6.129871
0.637034 -0.768212 0.063543
0.220464 0.602413
1.000000 0.00000 0.00000 0.00000
4 -1 -1 -1

-0.379496 -0.127644 6.129919
-0.559788 -0.825816 0.068306
0.226742 0.592224
1.000000 0.00000 0.00000 0.00000
4 -1 -1 -1

-0.185817 -0.157637 6.132400
0.611259 -0.788737 0.065241
0.229173 0.600499
1.000000 0.00000 0.00000 0.00000
4 -1 -1 -1

-0.160355 -0.144594 6.131321
-0.387988 -0.918527 0.075985
0.267795 0.544440
1.000000 0.00000 0.00000 0.00000
4 -1 -1 -1

-0.135577 -0.084289 6.126333
0.944432 -0.327588 0.027100
0.264779 0.554344
1.000000 0.00000 0.00000 0.00000
4 -1 -1 -1

-0.394421 -0.144243 6.131292
0.385197 -0.919694 0.076075
0.263700 0.545226
1.000000 0.00000 0.00000 0.00000
4 -1 -1 -1

